image: b2-downstairs.pgm
resolution: 0.050000
origin: [-2.049783, -1.386152, 0.000000]
negate: 0
occupied_thresh: 0.65
free_thresh: 0.196

